# wavelength (um), n, k
2.067000000004061144e-01 1.400600000000000067e+00 2.027699999999999836e+00
2.157000000003719831e-01 1.398600000000000065e+00 2.180800000000000072e+00
2.254999999994358462e-01 1.461400000000000032e+00 2.394899999999999807e+00
2.341000000003146952e-01 1.696099999999999941e+00 3.447999999999999954e+00
2.360999999994550236e-01 1.663999999999999924e+00 3.536000000000000032e+00
2.380999999994647121e-01 1.721999999999999975e+00 3.654999999999999805e+00
2.401000000005269752e-01 1.790100000000000025e+00 3.762999999999999901e+00
2.421000000009165820e-01 1.911999999999999922e+00 3.915999999999999925e+00
2.440999999998013370e-01 2.063000000000000167e+00 4.051999999999999602e+00
2.461000000004564259e-01 2.262999999999999901e+00 4.163000000000000256e+00
2.481000000001646888e-01 2.498000000000000220e+00 4.240000000000000213e+00
2.500999999995111578e-01 2.775999999999999801e+00 4.269000000000000128e+00
2.521000000005045316e-01 3.029999999999999805e+00 4.224999999999999645e+00
2.540999999999703496e-01 3.254999999999999893e+00 4.120000000000000107e+00
2.560999999989150844e-01 3.443999999999999950e+00 3.988999999999999879e+00
2.581000000002806605e-01 3.599000000000000199e+00 3.850900000000000212e+00
2.601000000001804646e-01 3.729999999999999982e+00 3.717000000000000082e+00
2.620999999992472684e-01 3.798999999999999932e+00 3.575000000000000178e+00
2.640999999990565339e-01 3.867999999999999883e+00 3.451000000000000068e+00
2.661000000009568489e-01 3.928999999999999826e+00 3.337000000000000188e+00
2.681000000006447670e-01 3.979000000000000092e+00 3.224000000000000199e+00
2.701000000003288548e-01 4.014000000000000234e+00 3.120000000000000107e+00
2.720999999988763518e-01 4.054999999999999716e+00 3.024099999999999788e+00
2.741000000008191884e-01 4.097000000000000419e+00 2.927999999999999936e+00
2.761000000012037159e-01 4.129999999999999893e+00 2.830999999999999961e+00
2.780999999988070792e-01 4.174000000000000377e+00 2.701000000000000068e+00
2.800999999997963452e-01 4.177999999999999936e+00 2.583000000000000185e+00
2.821000000012515163e-01 4.163999999999999702e+00 2.463999999999999968e+00
2.840999999994863745e-01 4.134000000000000341e+00 2.361000000000000210e+00
2.860999999997175247e-01 4.096000000000000085e+00 2.274000000000000021e+00
2.881000000008668294e-01 4.056000000000000050e+00 2.197999999999999954e+00
2.900999999994174905e-01 4.022999999999999687e+00 2.133000000000000007e+00
2.920999999987713425e-01 3.979000000000000092e+00 2.077999999999999847e+00
2.941000000003207715e-01 3.931000000000000050e+00 2.037999999999999812e+00
2.960999999995920784e-01 3.892999999999999794e+00 2.000999999999999890e+00
2.980999999987401505e-01 3.850900000000000212e+00 1.971999999999999975e+00
3.001000000001402546e-01 3.817099999999999937e+00 1.945999999999999952e+00
3.021000000001288766e-01 3.783900000000000041e+00 1.927999999999999936e+00
3.040999999998529324e-01 3.749000000000000110e+00 1.913100000000000023e+00
3.061000000001427579e-01 3.720899999999999874e+00 1.903000000000000025e+00
3.081999999998527584e-01 3.694999999999999840e+00 1.892900000000000027e+00
3.101999999999228153e-01 3.674999999999999822e+00 1.886900000000000022e+00
3.121000000000980767e-01 3.656000000000000139e+00 1.879999999999999893e+00
3.141999999999777748e-01 3.641999999999999904e+00 1.874000000000000110e+00
3.162000000000687594e-01 3.623000000000000220e+00 1.877000000000000002e+00
3.180999999998950778e-01 3.613999999999999879e+00 1.871099999999999985e+00
3.202000000001636315e-01 3.597999999999999865e+00 1.874000000000000110e+00
3.222000000000997399e-01 3.591000000000000192e+00 1.875000000000000000e+00
3.241000000001286740e-01 3.584000000000000075e+00 1.877000000000000002e+00
3.261000000000265353e-01 3.572999999999999954e+00 1.881099999999999994e+00
3.281000000000974248e-01 3.568999999999999950e+00 1.885999999999999899e+00
3.301000000001737544e-01 3.564000000000000057e+00 1.889999999999999902e+00
3.321999999999148967e-01 3.564000000000000057e+00 1.892900000000000027e+00
3.341000000001840831e-01 3.565999999999999837e+00 1.896900000000000031e+00
3.360999999999860766e-01 3.561999999999999833e+00 1.905000000000000027e+00
3.382000000000264239e-01 3.564999999999999947e+00 1.909000000000000030e+00
3.400999999999834156e-01 3.565999999999999837e+00 1.919000000000000039e+00
3.422000000000212094e-01 3.569999999999999840e+00 1.923999999999999932e+00
3.442000000001841364e-01 3.575000000000000178e+00 1.933000000000000052e+00
3.462000000000531319e-01 3.576999999999999957e+00 1.943899999999999961e+00
3.481000000000764039e-01 3.584000000000000075e+00 1.953999999999999959e+00
3.501999999998934854e-01 3.592000000000000082e+00 1.961000000000000076e+00
3.522000000000639064e-01 3.599000000000000199e+00 1.973999999999999977e+00
3.542000000001405691e-01 3.608000000000000096e+00 1.985100000000000087e+00
3.561000000000240084e-01 3.616999999999999993e+00 1.995000000000000107e+00
3.582000000000227224e-01 3.629999999999999893e+00 2.007000000000000117e+00
3.601999999998613533e-01 3.641999999999999904e+00 2.018899999999999917e+00
3.621000000001280417e-01 3.657999999999999918e+00 2.029999999999999805e+00
3.641999999998896675e-01 3.672000000000000153e+00 2.044900000000000162e+00
3.661000000000547150e-01 3.690900000000000070e+00 2.056000000000000050e+00
3.681999999997868089e-01 3.709099999999999842e+00 2.071000000000000174e+00
3.701000000000987389e-01 3.726999999999999869e+00 2.086899999999999977e+00
3.720999999999616281e-01 3.746999999999999886e+00 2.103000000000000203e+00
3.741999999997681070e-01 3.775999999999999801e+00 2.116000000000000103e+00
3.761000000001563093e-01 3.795999999999999819e+00 2.133900000000000130e+00
3.782000000001995987e-01 3.822999999999999954e+00 2.153900000000000148e+00
3.800999999998012080e-01 3.855999999999999872e+00 2.176000000000000156e+00
3.820999999998859198e-01 3.895999999999999908e+00 2.197999999999999954e+00
3.840999999998666037e-01 3.935900000000000176e+00 2.222999999999999865e+00
3.861999999999162769e-01 3.987999999999999989e+00 2.241999999999999993e+00
3.880999999999130146e-01 4.049900000000000055e+00 2.253000000000000114e+00
3.902000000001970559e-01 4.123999999999999666e+00 2.262000000000000011e+00
3.921999999997998199e-01 4.208000000000000185e+00 2.254000000000000004e+00
3.941999999997504167e-01 4.286999999999999922e+00 2.230999999999999872e+00
3.962000000001850153e-01 4.360000000000000320e+00 2.185999999999999943e+00
3.981999999999359940e-01 4.416900000000000048e+00 2.136000000000000121e+00
4.000999999997937873e-01 4.458999999999999631e+00 2.080999999999999961e+00
4.022000000001518805e-01 4.488000000000000433e+00 2.029999999999999805e+00
4.041999999999754678e-01 4.509000000000000341e+00 1.989000000000000101e+00
4.062000000001590450e-01 4.527000000000000135e+00 1.951000000000000068e+00
4.081999999999204598e-01 4.541999999999999815e+00 1.923000000000000043e+00
4.101999999997375523e-01 4.556000000000000050e+00 1.901999999999999913e+00
4.121999999999493847e-01 4.576999999999999957e+00 1.885999999999999899e+00
4.142000000000271021e-01 4.602000000000000313e+00 1.879000000000000004e+00
4.160999999999797083e-01 4.633000000000000007e+00 1.881999999999999895e+00
4.181999999998917694e-01 4.684999999999999609e+00 1.887000000000000011e+00
4.202000000000558066e-01 4.754999999999999893e+00 1.887000000000000011e+00
4.222000000001929210e-01 4.849000000000000199e+00 1.868000000000000105e+00
4.242000000002060234e-01 4.948999999999999844e+00 1.814999999999999947e+00
4.260999999997218679e-01 5.080000000000000071e+00 1.675000000000000044e+00
4.281999999998474804e-01 5.126000000000000334e+00 1.562000000000000055e+00
4.301000000000618217e-01 5.152000000000000135e+00 1.437999999999999945e+00
4.321999999997174213e-01 5.152000000000000135e+00 1.322999999999999954e+00
4.341999999998250592e-01 5.134999999999999787e+00 1.225000000000000089e+00
4.362000000001952649e-01 5.110000000000000320e+00 1.135000000000000009e+00
4.382000000003171691e-01 5.073000000000000398e+00 1.056000000000000050e+00
4.402000000001139446e-01 5.041000000000000369e+00 9.899999999999999911e-01
4.422000000000457232e-01 5.001999999999999780e+00 9.280000000000000471e-01
4.441000000001756876e-01 4.961999999999999744e+00 8.770000000000000018e-01
4.462000000002044886e-01 4.924000000000000377e+00 8.289999999999999591e-01
4.481000000000958106e-01 4.884000000000000341e+00 7.880000000000000338e-01
4.503000000003119507e-01 4.857999999999999652e+00 7.550000000000000044e-01
4.551999999998007640e-01 4.777999999999999581e+00 6.780000000000000471e-01
4.601000000001964629e-01 4.701999999999999957e+00 6.169999999999999929e-01
4.651000000000508616e-01 4.634000000000000341e+00 5.659999999999999476e-01
4.702000000001539948e-01 4.575000000000000178e+00 5.270000000000000240e-01
4.753000000000333070e-01 4.517999999999999794e+00 4.919999999999999929e-01
4.802000000002847879e-01 4.466999999999999638e+00 4.628999999999999782e-01
4.851000000002797519e-01 4.419999999999999929e+00 4.359999999999999987e-01
4.901000000002722068e-01 4.376000000000000334e+00 4.139999999999999791e-01
4.951999999997832580e-01 4.341000000000000192e+00 3.940000000000000169e-01
5.001999999998568702e-01 4.307000000000000384e+00 3.760000000000000009e-01
5.052999999996239389e-01 4.272000000000000242e+00 3.599999999999999867e-01
5.103000000000583736e-01 4.241999999999999993e+00 3.458999999999999853e-01
5.152000000000385160e-01 4.211999999999999744e+00 3.340000000000000191e-01
5.201000000004480928e-01 4.185999999999999943e+00 3.220000000000000084e-01
5.252000000003258506e-01 4.162099999999999689e+00 3.109999999999999987e-01
5.300999999998028400e-01 4.141000000000000014e+00 3.009999999999999898e-01
5.351999999999514923e-01 4.115999999999999659e+00 2.911000000000000254e-01
5.402999999997920577e-01 4.096000000000000085e+00 2.819999999999999729e-01
5.452999999998663361e-01 4.075999999999999623e+00 2.750000000000000222e-01
5.500999999996449841e-01 4.058099999999999596e+00 2.680000000000000160e-01
5.552999999997167979e-01 4.039900000000000269e+00 2.610000000000000098e-01
5.603000000004666470e-01 4.024099999999999788e+00 2.550000000000000044e-01
5.651999999998899016e-01 4.009000000000000341e+00 2.479000000000000092e-01
5.701000000003685342e-01 3.992999999999999883e+00 2.431000000000000105e-01
5.751000000004076185e-01 3.976999999999999869e+00 2.369999999999999885e-01
5.803000000002723757e-01 3.959999999999999964e+00 2.318999999999999950e-01
5.852000000001421620e-01 3.945899999999999963e+00 2.268999999999999906e-01
5.902000000005248603e-01 3.934000000000000163e+00 2.220000000000000029e-01
5.952999999996034797e-01 3.922899999999999832e+00 2.179000000000000103e-01
6.001999999996796564e-01 3.911999999999999922e+00 2.139999999999999958e-01
6.051999999999394531e-01 3.899999999999999911e+00 2.099999999999999922e-01
6.101999999996576829e-01 3.890899999999999803e+00 2.059999999999999887e-01
6.153999999998267523e-01 3.880999999999999783e+00 2.030000000000000138e-01
6.202999999997536040e-01 3.874000000000000110e+00 1.990000000000000102e-01
6.252999999996422531e-01 3.865000000000000213e+00 1.950000000000000067e-01
6.304000000004778004e-01 3.850999999999999979e+00 1.910000000000000031e-01
6.352000000001593039e-01 3.843999999999999861e+00 1.880000000000000004e-01
6.402000000003762459e-01 3.838999999999999968e+00 1.849000000000000088e-01
6.452000000002048319e-01 3.830900000000000194e+00 1.819000000000000061e-01
6.501999999993636203e-01 3.825000000000000178e+00 1.779999999999999916e-01
6.553999999995334669e-01 3.815100000000000158e+00 1.749999999999999889e-01
6.603000000006556958e-01 3.809000000000000163e+00 1.710000000000000131e-01
6.652000000007197711e-01 3.803999999999999826e+00 1.680000000000000104e-01
6.702999999995076230e-01 3.798000000000000043e+00 1.640000000000000069e-01
6.753999999998021586e-01 3.793099999999999916e+00 1.620000000000000051e-01
6.801999999999668312e-01 3.786999999999999922e+00 1.590000000000000024e-01
6.854999999996695959e-01 3.783999999999999808e+00 1.539000000000000090e-01
6.903999999996112136e-01 3.778999999999999915e+00 1.509999999999999953e-01
6.955000000007933725e-01 3.775999999999999801e+00 1.479999999999999927e-01
7.001999999994473756e-01 3.770000000000000018e+00 1.409999999999999865e-01
7.053000000002310754e-01 3.766099999999999781e+00 1.350000000000000089e-01
7.102000000003908520e-01 3.757899999999999796e+00 1.310999999999999943e-01
7.151000000005319768e-01 3.749000000000000110e+00 1.260000000000000009e-01
7.200999999991388734e-01 3.743900000000000006e+00 1.229999999999999982e-01
7.250999999991991629e-01 3.738999999999999879e+00 1.199999999999999956e-01
7.302999999993573521e-01 3.733999999999999986e+00 1.160000000000000059e-01
7.355000000002109850e-01 3.728000000000000203e+00 1.140000000000000041e-01
7.403000000002286640e-01 3.721099999999999852e+00 1.110000000000000014e-01
7.451999999994610713e-01 3.716000000000000192e+00 1.079999999999999988e-01
7.501999999991857404e-01 3.712000000000000188e+00 1.079999999999999988e-01
7.551999999998387780e-01 3.709000000000000075e+00 1.049999999999999961e-01
7.603000000002635428e-01 3.702999999999999847e+00 1.050999999999999990e-01
7.653999999995143577e-01 3.697999999999999954e+00 1.010000000000000064e-01
7.701999999996603785e-01 3.692000000000000171e+00 1.010000000000000064e-01
7.755000000002082450e-01 3.689000000000000057e+00 9.700000000000000289e-02
7.803999999993783687e-01 3.685000000000000053e+00 9.500000000000000111e-02
7.852999999995203817e-01 3.684000000000000163e+00 9.410000000000000309e-02
7.903000000003487235e-01 3.680000000000000160e+00 9.199999999999999845e-02
7.953999999994895154e-01 3.678999999999999826e+00 8.899999999999999578e-02
8.004999999995541238e-01 3.678999999999999826e+00 8.899999999999999578e-02
8.052000000009164049e-01 3.672000000000000153e+00 8.609999999999999598e-02
8.105000000001919558e-01 3.669000000000000039e+00 8.200000000000000344e-02
8.152999999993848501e-01 3.669099999999999806e+00 8.390000000000000235e-02
8.201000000004543544e-01 3.661999999999999922e+00 8.100000000000000255e-02
8.255999999995946581e-01 3.661000000000000032e+00 7.699999999999999900e-02
8.378000000002168157e-01 3.636699999999999822e+00 7.520000000000000295e-02
8.434999999995371756e-01 3.636699999999999822e+00 7.290000000000000646e-02
8.492999999999102378e-01 3.636600000000000055e+00 6.959999999999999520e-02
8.552000000007691227e-01 3.635200000000000209e+00 6.569999999999999452e-02
8.610999999988039333e-01 3.635099999999999998e+00 6.090000000000000274e-02
8.671000000011358511e-01 3.636400000000000077e+00 5.750000000000000250e-02
8.701999999994943780e-01 3.641900000000000137e+00 5.729999999999999677e-02
8.719999999999301643e-01 3.650100000000000122e+00 5.820000000000000173e-02
8.725999999997909873e-01 3.651499999999999968e+00 5.820000000000000173e-02
8.732000000012570817e-01 3.652699999999999836e+00 4.850000000000000144e-02
8.793999999987462957e-01 3.627699999999999925e+00 1.799999999999999951e-03
8.857000000011469032e-01 3.613900000000000112e+00 0.000000000000000000e+00
8.857009999998608496e-01 3.613900000000000112e+00 0.000000000000000000e+00
8.857020000008328786e-01 3.613900000000000112e+00 0.000000000000000000e+00
8.857029999988295099e-01 3.613900000000000112e+00 0.000000000000000000e+00
8.857039999990843349e-01 3.613900000000000112e+00 0.000000000000000000e+00
8.857049999989804467e-01 3.613900000000000112e+00 0.000000000000000000e+00
8.857060000011347523e-01 3.613900000000000112e+00 0.000000000000000000e+00
8.857070000003136601e-01 3.613900000000000112e+00 0.000000000000000000e+00
8.857079999991338548e-01 3.613900000000000112e+00 0.000000000000000000e+00
8.857090000002122432e-01 3.613900000000000112e+00 0.000000000000000000e+00
9.538000000012833990e-01 3.538400000000000212e+00 0.000000000000000000e+00
1.033299999999611307e+00 3.491400000000000059e+00 0.000000000000000000e+00
1.127299999998589097e+00 3.454000000000000181e+00 0.000000000000000000e+00
1.240000000001654445e+00 3.423399999999999999e+00 0.000000000000000000e+00
1.377799999998704950e+00 3.397100000000000009e+00 0.000000000000000000e+00
1.550000000002068168e+00 3.373400000000000176e+00 0.000000000000000000e+00
1.771400000002293806e+00 3.354099999999999859e+00 0.000000000000000000e+00
2.066699999993308001e+00 3.337699999999999889e+00 0.000000000000000000e+00
