1.0677E+15	2.47603
1.0617E+15	2.46581
1.0558E+15	2.45589
1.0499E+15	2.44626
1.0441E+15	2.4369
1.0384E+15	2.4278
1.0328E+15	2.41895
1.0272E+15	2.41033
1.0216E+15	2.40195
1.0161E+15	2.39378
1.0107E+15	2.38582
1.0054E+15	2.37807
1.0000E+15	2.37051
9.9479E+14	2.36313
9.8960E+14	2.35594
9.8445E+14	2.34891
9.7936E+14	2.34205
9.7433E+14	2.33535
9.6934E+14	2.3288
9.6441E+14	2.3224
9.5952E+14	2.31614
9.5469E+14	2.31002
9.4990E+14	2.30403
9.4516E+14	2.29817
9.4047E+14	2.29244
9.3582E+14	2.28682
9.3122E+14	2.28131
9.2666E+14	2.27592
9.2215E+14	2.27064
9.1768E+14	2.26545
9.1326E+14	2.26037
9.0888E+14	2.25539
9.0454E+14	2.2505
9.0024E+14	2.2457
8.9598E+14	2.24099
8.9176E+14	2.23637
8.8758E+14	2.23182
8.8344E+14	2.22736
8.7934E+14	2.22298
8.7528E+14	2.21867
8.7125E+14	2.21443
8.6726E+14	2.21027
8.6331E+14	2.20617
8.5939E+14	2.20215
8.5551E+14	2.19818
8.5167E+14	2.19428
8.4785E+14	2.19044
8.4408E+14	2.18666
8.4033E+14	2.18294
8.3662E+14	2.17928
8.3294E+14	2.17567
8.2929E+14	2.17211
8.2568E+14	2.16861
8.2210E+14	2.16515
8.1854E+14	2.16175
8.1502E+14	2.15839
8.1153E+14	2.15508
8.0807E+14	2.15181
8.0463E+14	2.14859
8.0123E+14	2.14541
7.9786E+14	2.14227
7.9451E+14	2.13918
7.9119E+14	2.13612
7.8790E+14	2.1331
7.8464E+14	2.13012
7.8140E+14	2.12717
7.7819E+14	2.12427
7.7500E+14	2.12139
7.7185E+14	2.11855
7.6871E+14	2.11575
7.6561E+14	2.11297
7.6253E+14	2.11023
7.5947E+14	2.10752
7.5644E+14	2.10484
7.5343E+14	2.10219
7.5044E+14	2.09956
7.4748E+14	2.09697
7.4454E+14	2.0944
7.4163E+14	2.09186
7.3874E+14	2.08934
7.3587E+14	2.08685
7.3302E+14	2.08438
7.3019E+14	2.08194
7.2739E+14	2.07953
7.2461E+14	2.07713
7.2185E+14	2.07476
7.1911E+14	2.07241
7.1639E+14	2.07008
7.1369E+14	2.06777
7.1101E+14	2.06549
7.0835E+14	2.06322
7.0571E+14	2.06097
7.0309E+14	2.05875
7.0049E+14	2.05654
6.9791E+14	2.05435
6.9535E+14	2.05217
6.9281E+14	2.05002
6.9028E+14	2.04788
6.8778E+14	2.04576
6.8529E+14	2.04365
6.8282E+14	2.04157
6.8037E+14	2.03949
6.7793E+14	2.03743
6.7552E+14	2.03539
6.7312E+14	2.03336
6.7073E+14	2.03135
6.6837E+14	2.02935
6.6602E+14	2.02736
6.6368E+14	2.02539
6.6137E+14	2.02343
6.5907E+14	2.02148
6.5678E+14	2.01955
6.5451E+14	2.01763
6.5226E+14	2.01572
6.5002E+14	2.01382
6.4780E+14	2.01193
6.4559E+14	2.01006
6.4340E+14	2.00819
6.4122E+14	2.00634
6.3906E+14	2.0045
6.3691E+14	2.00267
6.3478E+14	2.00084
6.3266E+14	1.99903
6.3055E+14	1.99723
6.2846E+14	1.99543
6.2639E+14	1.99365
6.2432E+14	1.99187
6.2227E+14	1.99011
6.2024E+14	1.98835
6.1821E+14	1.9866
6.1620E+14	1.98486
6.1421E+14	1.98312
6.1222E+14	1.9814
6.1025E+14	1.97968
6.0829E+14	1.97797
6.0634E+14	1.97627
6.0441E+14	1.97457
6.0249E+14	1.97288
6.0058E+14	1.9712
5.9868E+14	1.96953
5.9680E+14	1.96786
5.9493E+14	1.9662
5.9306E+14	1.96454
5.9121E+14	1.96289
5.8938E+14	1.96125
5.8755E+14	1.95961
5.8573E+14	1.95798
5.8393E+14	1.95635
5.8214E+14	1.95473
5.8035E+14	1.95312
5.7858E+14	1.95151
5.7682E+14	1.9499
5.7507E+14	1.9483
5.7333E+14	1.94671
5.7160E+14	1.94512
5.6989E+14	1.94353
5.6818E+14	1.94195
5.6648E+14	1.94037
5.6479E+14	1.9388
5.6311E+14	1.93723
5.6145E+14	1.93567
5.5979E+14	1.93411
5.5814E+14	1.93255
5.5650E+14	1.931
5.5487E+14	1.92945
5.5326E+14	1.9279
5.5165E+14	1.92636
5.5005E+14	1.92482
5.4846E+14	1.92329
5.4687E+14	1.92176
5.4530E+14	1.92023
5.4374E+14	1.9187
5.4218E+14	1.91718
5.4064E+14	1.91566
5.3910E+14	1.91414
5.3757E+14	1.91263
5.3605E+14	1.91111
5.3454E+14	1.9096
5.3304E+14	1.9081
5.3155E+14	1.90659
5.3006E+14	1.90509
5.2858E+14	1.90359
5.2711E+14	1.90209
5.2565E+14	1.90059
5.2420E+14	1.8991
5.2276E+14	1.89761
5.2132E+14	1.89612
5.1989E+14	1.89463
5.1847E+14	1.89314
5.1706E+14	1.89166
5.1565E+14	1.89017
5.1425E+14	1.88869
5.1286E+14	1.88721
5.1148E+14	1.88573
5.1010E+14	1.88425
5.0874E+14	1.88278
5.0738E+14	1.8813
5.0602E+14	1.87983
5.0468E+14	1.87836
5.0334E+14	1.87688
5.0201E+14	1.87541
5.0068E+14	1.87394
4.9936E+14	1.87247
4.9805E+14	1.87101
4.9675E+14	1.86954
4.9545E+14	1.86807
4.9416E+14	1.86661
4.9288E+14	1.86514
4.9160E+14	1.86368
4.9033E+14	1.86221
4.8907E+14	1.86075
4.8781E+14	1.85928
4.8656E+14	1.85782
4.8532E+14	1.85636
4.8408E+14	1.8549
4.8285E+14	1.85343
4.8162E+14	1.85197
4.8040E+14	1.85051
4.7919E+14	1.84905
4.7799E+14	1.84759
4.7678E+14	1.84613
4.7559E+14	1.84466
4.7440E+14	1.8432
4.7322E+14	1.84174
4.7204E+14	1.84028
4.7087E+14	1.83882
4.6971E+14	1.83735
4.6855E+14	1.83589
4.6740E+14	1.83443
4.6625E+14	1.83296
4.6511E+14	1.8315
4.6397E+14	1.83004
4.6284E+14	1.82857
4.6171E+14	1.82711
4.6059E+14	1.82564
4.5948E+14	1.82417
4.5837E+14	1.82271
4.5727E+14	1.82124
4.5617E+14	1.81977
4.5508E+14	1.8183
4.5399E+14	1.81683
4.5291E+14	1.81536
4.5183E+14	1.81389
4.5076E+14	1.81242
4.4969E+14	1.81094
4.4863E+14	1.80947
4.4757E+14	1.808
4.4652E+14	1.80652
4.4547E+14	1.80504
4.4443E+14	1.80356
4.4339E+14	1.80208
4.4236E+14	1.8006
4.4133E+14	1.79912
4.4031E+14	1.79764
4.3929E+14	1.79616
4.3828E+14	1.79467
4.3727E+14	1.79318
4.3627E+14	1.7917
4.3527E+14	1.79021
4.3427E+14	1.78872
4.3328E+14	1.78723
4.3230E+14	1.78573
4.3132E+14	1.78424
4.3034E+14	1.78274
4.2937E+14	1.78124
4.2840E+14	1.77975
4.2744E+14	1.77824
4.2648E+14	1.77674
4.2552E+14	1.77524
4.2457E+14	1.77373
4.2363E+14	1.77223
4.2269E+14	1.77072
4.2175E+14	1.76921
4.2081E+14	1.76769
4.1988E+14	1.76618
4.1896E+14	1.76466
4.1804E+14	1.76315
4.1712E+14	1.76163
4.1621E+14	1.76011
4.1530E+14	1.75858
4.1440E+14	1.75706
4.1349E+14	1.75553
4.1260E+14	1.754
4.1170E+14	1.75247
4.1082E+14	1.75094
4.0993E+14	1.7494
4.0905E+14	1.74786
4.0817E+14	1.74633
4.0730E+14	1.74478
4.0643E+14	1.74324
4.0556E+14	1.7417
4.0470E+14	1.74015
4.0384E+14	1.7386
4.0298E+14	1.73705
4.0213E+14	1.73549
4.0128E+14	1.73393
4.0044E+14	1.73237
3.9960E+14	1.73081
3.9876E+14	1.72925
3.9793E+14	1.72768
3.9710E+14	1.72612
3.9627E+14	1.72454
3.9545E+14	1.72297
3.9463E+14	1.7214
3.9381E+14	1.71982
3.9300E+14	1.71824
3.9219E+14	1.71665
3.9138E+14	1.71507
3.9058E+14	1.71348
3.8978E+14	1.71189
3.8898E+14	1.7103
3.8819E+14	1.7087
3.8740E+14	1.7071
3.8661E+14	1.7055
3.8583E+14	1.7039
3.8505E+14	1.70229
3.8427E+14	1.70068
3.8350E+14	1.69907
3.8273E+14	1.69745
3.8196E+14	1.69584
3.8120E+14	1.69422
3.8044E+14	1.69259
3.7968E+14	1.69097
3.7892E+14	1.68934
3.7817E+14	1.68771
3.7742E+14	1.68607
3.7668E+14	1.68443
3.7593E+14	1.68279
3.7519E+14	1.68115
3.7446E+14	1.6795
3.7372E+14	1.67785
3.7299E+14	1.6762
3.7226E+14	1.67455
3.7154E+14	1.67289
3.7081E+14	1.67123
3.7009E+14	1.66956
3.6938E+14	1.66789
3.6866E+14	1.66622
3.6795E+14	1.66455
3.6724E+14	1.66287
3.6653E+14	1.66119
3.6583E+14	1.65951
3.6513E+14	1.65782
3.6443E+14	1.65613
3.6374E+14	1.65444
3.6305E+14	1.65274
3.6236E+14	1.65104
3.6167E+14	1.64934
3.6098E+14	1.64763
3.6030E+14	1.64592
3.5962E+14	1.64421
3.5895E+14	1.64249
3.5827E+14	1.64077
3.5760E+14	1.63904
3.5693E+14	1.63732
3.5626E+14	1.63559
3.5560E+14	1.63385
3.5494E+14	1.63211
3.5428E+14	1.63037
3.5362E+14	1.62863
3.5297E+14	1.62688
3.5232E+14	1.62513
3.5167E+14	1.62337
3.5102E+14	1.62161
3.5038E+14	1.61985
3.4973E+14	1.61808
3.4910E+14	1.61631
3.4846E+14	1.61454
3.4782E+14	1.61276
3.4719E+14	1.61098
3.4656E+14	1.6092
3.4593E+14	1.60741
3.4531E+14	1.60561
3.4468E+14	1.60382
3.4406E+14	1.60202
3.4344E+14	1.60021
3.4283E+14	1.5984
3.4221E+14	1.59659
3.4160E+14	1.59478
3.4099E+14	1.59295
3.4038E+14	1.59113
3.3978E+14	1.5893
3.3917E+14	1.58747
3.3857E+14	1.58563
3.3797E+14	1.58379
3.3738E+14	1.58195
3.3678E+14	1.5801
3.3619E+14	1.57825
3.3560E+14	1.57639
3.3501E+14	1.57453
3.3443E+14	1.57267
3.3384E+14	1.5708
3.3326E+14	1.56893
3.3268E+14	1.56705
3.3210E+14	1.56517
3.3153E+14	1.56328
3.3095E+14	1.56139
3.3038E+14	1.5595
3.2981E+14	1.5576
3.2924E+14	1.55569
3.2868E+14	1.55379
3.2811E+14	1.55187
3.2755E+14	1.54996
3.2699E+14	1.54804
3.2643E+14	1.54611
3.2588E+14	1.54418
3.2532E+14	1.54225
3.2477E+14	1.54031
3.2422E+14	1.53836
3.2367E+14	1.53642
3.2312E+14	1.53446
3.2258E+14	1.53251
3.2204E+14	1.53054
3.2149E+14	1.52858
3.2096E+14	1.52661
3.2042E+14	1.52463
3.1988E+14	1.52265
3.1935E+14	1.52066
3.1882E+14	1.51867
3.1829E+14	1.51668
3.1776E+14	1.51468
3.1723E+14	1.51267
3.1671E+14	1.51066
3.1618E+14	1.50865
3.1566E+14	1.50663
3.1514E+14	1.50461
3.1463E+14	1.50258
3.1411E+14	1.50054
3.1359E+14	1.4985
3.1308E+14	1.49646
3.1257E+14	1.49441
3.1206E+14	1.49236
3.1155E+14	1.4903
3.1105E+14	1.48823
3.1054E+14	1.48616
3.1004E+14	1.48409
3.0954E+14	1.48201
3.0904E+14	1.47992
3.0854E+14	1.47783
3.0805E+14	1.47573
3.0755E+14	1.47363
3.0706E+14	1.47153
3.0657E+14	1.46942
3.0608E+14	1.4673
3.0559E+14	1.46518
3.0511E+14	1.46305
3.0462E+14	1.46091
3.0414E+14	1.45877
3.0366E+14	1.45663
3.0318E+14	1.45448
3.0270E+14	1.45232
3.0222E+14	1.45016
3.0175E+14	1.448
3.0127E+14	1.44582
3.0080E+14	1.44365
3.0033E+14	1.44146
2.9621E+14	1.42179
2.9522E+14	1.41691
2.9423E+14	1.41201
2.9326E+14	1.40707
2.9229E+14	1.40211
2.9133E+14	1.39711
2.9037E+14	1.39209
2.8942E+14	1.38703
2.8847E+14	1.38194
2.8753E+14	1.37681
2.8660E+14	1.37166
2.8567E+14	1.36647
2.8475E+14	1.36124
2.8384E+14	1.35599
2.8293E+14	1.3507
2.8202E+14	1.34537
2.8112E+14	1.34001
2.8023E+14	1.33461
2.7934E+14	1.32918
2.7846E+14	1.32371
2.7759E+14	1.3182
2.7671E+14	1.31266
2.7585E+14	1.30707
2.7499E+14	1.30145
2.7413E+14	1.29579
2.7328E+14	1.29009
2.7244E+14	1.28435
2.7160E+14	1.27857
2.7077E+14	1.27275
2.6994E+14	1.26689
2.6911E+14	1.26098
2.6829E+14	1.25503
2.6748E+14	1.24904
2.6667E+14	1.243
2.6586E+14	1.23692
2.6506E+14	1.23079
2.6427E+14	1.22462
