# Wavelength [um], n, k
3.229000000000000203e-01 3.512000000000000011e+00 1.905000000000000027e+00
3.262999999999999234e-01 3.500999999999999890e+00 1.909000000000000030e+00
3.315000000000000169e-01 3.487999999999999989e+00 1.919999999999999929e+00
3.350999999999999535e-01 3.484999999999999876e+00 1.931000000000000050e+00
3.406000000000000139e-01 3.488999999999999879e+00 1.949999999999999956e+00
3.443999999999999839e-01 3.495000000000000107e+00 1.965000000000000080e+00
3.501999999999999558e-01 3.512999999999999901e+00 1.991999999999999993e+00
3.541999999999999593e-01 3.531000000000000139e+00 2.012999999999999901e+00
3.563000000000000056e-01 3.540999999999999925e+00 2.024000000000000021e+00
3.583000000000000074e-01 3.552999999999999936e+00 2.036000000000000032e+00
3.603999999999999981e-01 3.565999999999999837e+00 2.048999999999999932e+00
3.624999999999999889e-01 3.580000000000000071e+00 2.061999999999999833e+00
3.647000000000000242e-01 3.596000000000000085e+00 2.076000000000000068e+00
3.667999999999999594e-01 3.613999999999999879e+00 2.091000000000000192e+00
3.689999999999999947e-01 3.634999999999999787e+00 2.107000000000000206e+00
3.711999999999999189e-01 3.657000000000000028e+00 2.123000000000000220e+00
3.734000000000000097e-01 3.681000000000000050e+00 2.141999999999999904e+00
3.756999999999999784e-01 3.709000000000000075e+00 2.161999999999999922e+00
3.780000000000000027e-01 3.740000000000000213e+00 2.182999999999999829e+00
3.802999999999999714e-01 3.775999999999999801e+00 2.206999999999999851e+00
3.826999999999999291e-01 3.818000000000000060e+00 2.232000000000000206e+00
3.850000000000000089e-01 3.870999999999999996e+00 2.259999999999999787e+00
3.875000000000000111e-01 3.938000000000000167e+00 2.287999999999999812e+00
3.898999999999999688e-01 4.022999999999999687e+00 2.306999999999999940e+00
3.924000000000000266e-01 4.126000000000000334e+00 2.303999999999999826e+00
3.948999999999999733e-01 4.229000000000000092e+00 2.270000000000000018e+00
3.973999999999999755e-01 4.312999999999999723e+00 2.212000000000000188e+00
4.000000000000000222e-01 4.373000000000000220e+00 2.145999999999999908e+00
4.025000000000000244e-01 4.413000000000000256e+00 2.081999999999999851e+00
4.052000000000000046e-01 4.439000000000000057e+00 2.028999999999999915e+00
4.077999999999999958e-01 4.461999999999999744e+00 1.987999999999999989e+00
4.104999999999999760e-01 4.482999999999999652e+00 1.961000000000000076e+00
4.132999999999999452e-01 4.509000000000000341e+00 1.947999999999999954e+00
4.161000000000000254e-01 4.549999999999999822e+00 1.951999999999999957e+00
4.188999999999999946e-01 4.626000000000000334e+00 1.967000000000000082e+00
4.217000000000000748e-01 4.754999999999999893e+00 1.959999999999999964e+00
4.245999999999999774e-01 4.916999999999999815e+00 1.885000000000000009e+00
4.274999999999999356e-01 5.051999999999999602e+00 1.721000000000000085e+00
4.304999999999999938e-01 5.107000000000000206e+00 1.528999999999999915e+00
4.334999999999999409e-01 5.102000000000000313e+00 1.352999999999999980e+00
4.365999999999999326e-01 5.065000000000000391e+00 1.205999999999999961e+00
4.396999999999999797e-01 5.014999999999999680e+00 1.088000000000000078e+00
4.427999999999999714e-01 4.958999999999999631e+00 9.909999999999999920e-01
4.460000000000000075e-01 4.902000000000000135e+00 9.120000000000000329e-01
4.491999999999999327e-01 4.844999999999999751e+00 8.459999999999999742e-01
4.525000000000000133e-01 4.793000000000000149e+00 7.890000000000000346e-01
4.557999999999999274e-01 4.740999999999999659e+00 7.389999999999999902e-01
4.591999999999999416e-01 4.693999999999999950e+00 6.959999999999999520e-01
4.625999999999999557e-01 4.649000000000000021e+00 6.590000000000000302e-01
4.660999999999999588e-01 4.605000000000000426e+00 6.260000000000000009e-01
4.695999999999999619e-01 4.567000000000000171e+00 5.949999999999999734e-01
4.731999999999999540e-01 4.525000000000000355e+00 5.689999999999999503e-01
4.768999999999999351e-01 4.491999999999999993e+00 5.390000000000000346e-01
4.806000000000000272e-01 4.456000000000000405e+00 5.170000000000000151e-01
4.842999999999999527e-01 4.423000000000000043e+00 4.969999999999999973e-01
4.880999999999998673e-01 4.392000000000000348e+00 4.759999999999999787e-01
4.920000000000000484e-01 4.362000000000000099e+00 4.580000000000000182e-01
4.958999999999999519e-01 4.333000000000000185e+00 4.410000000000000031e-01
4.998999999999999000e-01 4.304999999999999716e+00 4.259999999999999898e-01
5.039999999999998925e-01 4.278999999999999915e+00 4.109999999999999765e-01
5.080999999999999961e-01 4.253999999999999559e+00 3.980000000000000204e-01
5.122999999999999776e-01 4.229000000000000092e+00 3.850000000000000089e-01
5.165999999999999481e-01 4.205000000000000071e+00 3.709999999999999964e-01
5.209000000000000297e-01 4.182999999999999829e+00 3.589999999999999858e-01
5.253999999999999782e-01 4.161999999999999922e+00 3.469999999999999751e-01
5.299000000000000377e-01 4.141000000000000014e+00 3.370000000000000218e-01
5.343999999999998751e-01 4.120000000000000107e+00 3.270000000000000129e-01
5.390999999999999126e-01 4.099999999999999645e+00 3.200000000000000067e-01
5.437999999999998391e-01 4.081999999999999851e+00 3.079999999999999960e-01
5.485999999999999766e-01 4.062999999999999723e+00 3.009999999999999898e-01
5.534999999999999920e-01 4.044999999999999929e+00 2.939999999999999836e-01
5.584999999999998854e-01 4.028999999999999915e+00 2.849999999999999756e-01
5.635999999999999899e-01 4.012999999999999901e+00 2.760000000000000231e-01
5.686999999999999833e-01 3.998000000000000220e+00 2.660000000000000142e-01
5.739999999999999547e-01 3.983000000000000096e+00 2.570000000000000062e-01
5.794000000000000261e-01 3.967999999999999972e+00 2.510000000000000009e-01
5.847999999999999865e-01 3.954000000000000181e+00 2.449999999999999956e-01
5.903999999999999249e-01 3.939999999999999947e+00 2.399999999999999911e-01
5.960999999999999632e-01 3.927000000000000046e+00 2.320000000000000118e-01
6.018999999999999906e-01 3.914000000000000146e+00 2.280000000000000082e-01
6.078000000000000069e-01 3.902000000000000135e+00 2.230000000000000038e-01
6.137999999999999012e-01 3.890000000000000124e+00 2.129999999999999949e-01
6.198999999999998956e-01 3.878000000000000114e+00 2.109999999999999931e-01
6.261999999999998678e-01 3.866999999999999993e+00 2.030000000000000138e-01
6.325999999999999401e-01 3.855999999999999872e+00 1.960000000000000075e-01
6.390999999999998904e-01 3.846000000000000085e+00 1.869999999999999996e-01
6.458000000000000407e-01 3.835999999999999854e+00 1.829999999999999960e-01
6.525999999999998469e-01 3.826000000000000068e+00 1.789999999999999925e-01
6.595000000000000862e-01 3.817000000000000171e+00 1.729999999999999871e-01
6.665999999999998593e-01 3.809000000000000163e+00 1.729999999999999871e-01
6.737999999999998435e-01 3.798999999999999932e+00 1.680000000000000104e-01
6.812000000000000277e-01 3.791999999999999815e+00 1.580000000000000016e-01
6.887999999999999678e-01 3.785000000000000142e+00 1.509999999999999953e-01
6.965000000000000080e-01 3.778999999999999915e+00 1.519999999999999962e-01
7.045000000000000151e-01 3.771999999999999797e+00 1.340000000000000080e-01
7.126000000000000112e-01 3.762000000000000011e+00 1.270000000000000018e-01
7.207999999999999963e-01 3.751999999999999780e+00 1.179999999999999938e-01
7.292999999999999483e-01 3.741999999999999993e+00 1.120000000000000023e-01
7.379999999999999893e-01 3.733999999999999986e+00 1.049999999999999961e-01
7.469000000000000083e-01 3.725000000000000089e+00 1.010000000000000064e-01
7.560000000000000053e-01 3.716000000000000192e+00 9.700000000000000289e-02
7.652999999999998693e-01 3.706999999999999851e+00 9.299999999999999933e-02
7.749000000000000332e-01 3.700000000000000178e+00 9.099999999999999756e-02
7.846999999999998421e-01 3.693000000000000060e+00 8.899999999999999578e-02
7.947999999999999510e-01 3.685000000000000053e+00 8.699999999999999400e-02
8.051000000000000378e-01 3.678999999999999826e+00 8.500000000000000611e-02
8.156999999999999806e-01 3.672000000000000153e+00 8.300000000000000433e-02
8.265999999999998904e-01 3.665999999999999925e+00 8.000000000000000167e-02
8.320999999999999508e-01 3.613999999999999879e+00 7.280000000000000360e-02
8.377000000000000002e-01 3.613999999999999879e+00 6.860000000000000819e-02
8.434000000000001496e-01 3.613999999999999879e+00 6.640000000000000069e-02
8.491999999999999549e-01 3.613999999999999879e+00 6.280000000000000859e-02
8.551000000000000822e-01 3.613999999999999879e+00 6.120000000000000440e-02
8.609999999999999876e-01 3.613999999999999879e+00 5.679999999999999633e-02
8.639999999999998792e-01 3.613999999999999879e+00 5.569999999999999951e-02
8.669999999999998819e-01 3.613999999999999879e+00 5.720000000000000084e-02
8.699999999999999956e-01 3.613999999999999879e+00 5.539999999999999786e-02
8.730999999999998762e-01 3.613999999999999879e+00 2.709999999999999909e-02
8.792999999999998595e-01 3.613999999999999879e+00 5.950000000000000427e-03
8.855999999999999428e-01 3.613999999999999879e+00 1.690000000000000096e-03
8.920000000000000151e-01 3.613999999999999879e+00 5.680000000000000370e-04
8.983999999999998654e-01 3.613999999999999879e+00 2.500000000000000052e-04
9.050000000000000266e-01 3.613999999999999879e+00 1.330000000000000073e-04
9.183999999999998831e-01 3.568999999999999950e+00 1.330000000000000073e-04
9.536999999999998812e-01 3.538800000000000168e+00 1.330000000000000073e-04
9.919000000000000039e-01 3.513799999999999812e+00 1.330000000000000073e-04
1.032999999999999918e+00 3.491999999999999993e+00 1.330000000000000073e-04
1.078000000000000069e+00 3.472399999999999931e+00 1.330000000000000073e-04
1.127000000000000002e+00 3.454600000000000115e+00 1.330000000000000073e-04
1.181000000000000050e+00 3.438299999999999912e+00 1.330000000000000073e-04
1.239999999999999991e+00 3.423200000000000021e+00 1.330000000000000073e-04
1.304999999999999716e+00 3.409400000000000208e+00 1.330000000000000073e-04
1.377999999999999670e+00 3.396500000000000075e+00 1.330000000000000073e-04
1.458999999999999853e+00 3.384700000000000042e+00 1.330000000000000073e-04
1.550000000000000044e+00 3.373699999999999921e+00 1.330000000000000073e-04
1.653000000000000025e+00 3.363599999999999923e+00 1.330000000000000073e-04
1.770999999999999686e+00 3.354299999999999837e+00 1.330000000000000073e-04
1.907000000000000028e+00 3.345699999999999896e+00 1.330000000000000073e-04
