freq n k
1450000000000000.0 1.01 2.909
1430000000000000.0 1.083 2.9819999999999998
1400000000000000.0 1.133 3.045
1380000000000000.0 1.186 3.12
1350000000000000.0 1.247 3.2060000000000004
1330000000000000.0 1.34 3.302
1310000000000000.0 1.4709999999999999 3.366
1280000000000000.0 1.579 3.353
1260000000000000.0 1.589 3.3539999999999996
1230000000000000.0 1.571 3.429
1210000000000000.0 1.57 3.565
1199169832000000.0 1.694 3.6660000000000004
1180000000000000.0 1.597 3.7489999999999997
1160000000000000.0 1.6580000000000001 3.9789999999999996
1153047915384620.0 1.8 4.072
1140000000000000.0 1.764 4.2780000000000005
1110000000000000.0 1.9880000000000002 4.678
1110342437037037.0 2.129 4.69
1090000000000000.0 2.452 5.082
1070687350000000.0 3.052 5.257999999999999
1060000000000000.0 3.12 5.343999999999999
1040000000000000.0 4.087 5.395
1033767096551720.0 4.426 5.16
1020000000000000.0 4.888 4.638999999999999
999308193333333.0 5.055 4.128
991000000000000.0 5.02 3.9789999999999996
967072445161290.0 5.074 3.5589999999999997
967000000000000.0 5.01 3.5860000000000003
943000000000000.0 5.016 3.346
936851431250000.0 5.102 3.2689999999999997
919000000000000.0 5.065 3.182
908461993939394.0 5.178999999999999 3.085
895000000000000.0 5.156000000000001 3.0580000000000003
881742523529412.0 5.292999999999999 2.951
870000000000000.0 5.296 2.987
856549880000000.0 5.483 2.904
846000000000000.0 5.61 3.014
832756827777778.0 6.013999999999999 2.912
822000000000000.0 6.522 2.705
810249886486487.0 6.8629999999999995 2.051
798000000000000.0 6.709 1.32
788927521052632.0 6.547999999999999 0.885
774000000000000.0 6.062 0.63
768698610256410.0 5.976 0.465
750000000000000.0 5.57 0.387
749481145000000.0 5.587000000000001 0.303
731201117073171.0 5.305 0.22
725000000000000.0 5.222 0.26899999999999996
713791566666667.0 5.091 0.16699999999999998
701000000000000.0 4.961 0.203
697191762790698.0 4.925 0.134
681346495454546.0 4.793 0.109
677000000000000.0 4.753 0.163
666205462222222.0 4.676 0.091
653000000000000.0 4.583 0.13
651722734782609.0 4.577 0.077
637856293617021.0 4.4910000000000005 0.064
629000000000000.0 4.442 0.09
624567620833333.0 4.416 0.057
611821342857143.0 4.348 0.05
605000000000000.0 4.32 0.073
599584916000000.0 4.293 0.045
587828349019608.0 4.239 0.039
580000000000000.0 4.215 0.06
576523957692308.0 4.192 0.036000000000000004
565646147169811.0 4.15 0.033
556000000000000.0 4.123 0.048
555171218518519.0 4.11 0.03
545077196363636.0 4.077 0.027999999999999997
535343675000000.0 4.044 0.026000000000000002
532000000000000.0 4.042 0.032
525951680701754.0 4.015 0.024
516883548275862.0 3.986 0.023
508122810169492.0 3.9619999999999997 0.021
508000000000000.0 3.969 0.03
499654096666667.0 3.9389999999999996 0.02
491463045901639.0 3.9160000000000004 0.018000000000000002
484000000000000.0 3.906 0.022000000000000002
483536222580645.0 3.895 0.017
475861044444445.0 3.8789999999999996 0.016
468425715625000.0 3.861 0.015
461219166153846.0 3.844 0.015
459000000000000.0 3.847 0.016
454230996969697.0 3.83 0.013999999999999999
447451429850746.0 3.815 0.013000000000000001
440871261764706.0 3.8 0.012
435000000000000.0 3.7960000000000003 0.013000000000000001
434481823188406.0 3.787 0.011000000000000001
428274940000000.0 3.7739999999999996 0.011000000000000001
422242898591549.0 3.762 0.011000000000000001
416378413888889.0 3.7510000000000003 0.01
411000000000000.0 3.752 0.01
410674600000000.0 3.741 0.009000000000000001
405124943243243.0 3.7319999999999998 0.008
399723277333333.0 3.7230000000000003 0.008
394463760526316.0 3.714 0.006999999999999999
389340854545455.0 3.705 0.006999999999999999
387000000000000.0 3.714 0.008
384349305128205.0 3.696 0.006
379484124050633.0 3.688 0.006
374740572500000.0 3.681 0.005
370114145679012.0 3.674 0.005
365600558536585.0 3.668 0.005
363000000000000.0 3.673 0.005
361195732530120.0 3.662 0.004
356895783333333.0 3.656 0.004
352697009411765.0 3.65 0.004
348595881395349.0 3.6439999999999997 0.003
344589032183908.0 3.638 0.003
340673247727273.0 3.6319999999999997 0.003
336845458426966.0 3.6260000000000003 0.002
333102731111111.0 3.62 0.002
329442261538462.0 3.614 0.002
325861367391304.0 3.608 0.002
322357481720430.0 3.602 0.002
318928146808511.0 3.597 0.001
315571008421053.0 3.592 0.001
312283810416667.0 3.5869999999999997 0.001
309064389690722.0 3.582 0.001
305910671428571.0 3.5780000000000003 0.001
302820664646465.0 3.574 0.001
299792458000000.0 3.57 0.001
296824215841584.0 3.5660000000000003 
293914174509804.0 3.563 
291060638834951.0 3.56 
288261978846154.0 3.557 
285516626666667.0 3.554 
282823073584906.0 3.551 
280179867289720.0 3.548 
277585609259259.0 3.5460000000000003 
275038952293578.0 3.5439999999999996 
272538598181818.0 3.5410000000000004 
270083295495495.0 3.5389999999999997 
267671837500000.0 3.537 
265303060176991.0 3.534 
262975840350877.0 3.532 
260689093913044.0 3.53 
258441774137931.0 3.528 
256232870085470.0 3.5260000000000002 
254061405084746.0 3.5239999999999996 
251926435294118.0 3.522 
249827048333333.0 3.52 
247762361983471.0 3.528 
245731522950820.0 3.516 
243733705691057.0 3.515 
241768111290323.0 3.513 
239833966400000.0 3.511 
237930522222222.0 3.51 
236057053543307.0 3.508 
234212857812500.0 3.5069999999999997 
232397254263566.0 3.5060000000000002 
230609583076923.0 3.5039999999999996 
228849204580153.0 3.503 
227115498484848.0 3.5010000000000003 
225407863157895.0 3.5 
223725714925373.0 3.498 
222068487407407.0 3.497 
220435630882353.0 3.4960000000000004 
218826611678832.0 3.495 
217240911594203.0 3.4930000000000003 
215678027338129.0 3.492 
214137470000000.0 3.491 
212618764539007.0 3.49 
211121449295775.0 3.489 
209645075524475.0 3.488 
208189206944444.0 3.487 
206753419310345.0 3.486 
